{
 "cells": [
  {
   "cell_type": "code",
   "execution_count": 32,
   "metadata": {},
   "outputs": [],
   "source": [
    "from qiskit import QuantumCircuit, QuantumRegister, ClassicalRegister,transpile\n",
    "from qiskit import Aer, execute\n",
    "from qiskit.visualization import plot_histogram\n",
    "from qiskit.tools.visualization import plot_histogram, plot_state_city\n",
    "from qiskit.tools.monitor import job_monitor\n",
    "# from azure.quantum.qiskit import AzureQuantumProvider\n",
    "from qiskit_aer.noise import NoiseModel, depolarizing_error, pauli_error\n",
    "from qiskit.utils import QuantumInstance\n",
    "\n",
    "import numpy as np\n",
    "from scipy.linalg import block_diag\n",
    "from scipy.optimize import minimize\n",
    "from scipy.optimize import OptimizeResult, approx_fprime\n",
    "import math\n",
    "\n",
    "\n",
    "p_reset = 0.1\n",
    "p_meas = 0.1\n",
    "p_gate1 = 0.1\n",
    "p_phase = 0.1\n",
    "\n",
    "# QuantumError objects\n",
    "error_reset = pauli_error([('X', p_reset), ('I', 1 - p_reset)])\n",
    "error_meas = pauli_error([('X',p_meas), ('I', 1 - p_meas)])\n",
    "error_gate1 = pauli_error([('X',p_gate1), ('I', 1 - p_gate1)])\n",
    "error_gate2 = error_gate1.tensor(error_gate1)\n",
    "error_phase = pauli_error([('Z',p_phase), ('I', 1 - p_phase)])\n",
    "\n",
    "# Add errors to noise model\n",
    "noise_model = NoiseModel()\n",
    "noise_model.add_all_qubit_quantum_error(error_reset, \"reset\")\n",
    "noise_model.add_all_qubit_quantum_error(error_meas, \"measure\")\n",
    "noise_model.add_all_qubit_quantum_error(error_gate1.compose(error_phase), [\"u1\", \"u2\", \"u3\"])\n",
    "noise_model.add_all_qubit_quantum_error(error_gate2.compose(error_phase.tensor(error_phase)), [\"cx\"])\n",
    "\n",
    "# Here, we use parameters given for H2 at R=1.75A\n",
    "g0 = -0.5597\n",
    "g1 = +0.1615\n",
    "g2 = -0.0166\n",
    "g3 = +0.4148\n",
    "g4 = +0.1226\n",
    "g5 = +0.1226\n",
    "\n",
    "nuclear_repulsion = 0.3023869942\n",
    "Energy_FCI = -0.97516853\n",
    "\n",
    "\n",
    "def func_and_gradient(x_opt, fun, eps):\n",
    "    f = fun(x_opt)\n",
    "    grad = np.zeros_like(x_opt)\n",
    "\n",
    "    for i in range(x_opt.size):\n",
    "        x_plus_h = x_opt.copy()\n",
    "        x_plus_h[i] += eps\n",
    "        f_plus_h = fun(x_plus_h)\n",
    "        grad[i] = (f_plus_h - f) / eps\n",
    "    print(\"eps: \", eps)\n",
    "    return f, grad\n",
    "\n",
    "\n",
    "def adam(fun, x0, iters=100, options=None, beta1=0.9, beta2=0.999, epsilon=1e-8, eps=0.02):\n",
    "    # learning rate\n",
    "    base_lr = 0.1\n",
    "\n",
    "    # Initialize the ADAM variables\n",
    "    t = 0\n",
    "    m_t = 0\n",
    "    v_t = 0\n",
    "\n",
    "    # Initialize the optimization result\n",
    "    nit = 0\n",
    "    nfev = 0\n",
    "    njev = 0\n",
    "    success = False\n",
    "    message = ''\n",
    "    fun_val = np.inf\n",
    "    x_opt = np.copy(x0)\n",
    "\n",
    "    if options is None:\n",
    "        options = {}\n",
    "    maxiter = options.get('maxiter', iters)\n",
    "\n",
    "    while nit < maxiter:\n",
    "        print(\"Iter: \", nit)\n",
    "        # Compute the function value and gradient\n",
    "        fval, grad = func_and_gradient(x_opt, fun, eps)  # approx_fprime(x_opt, fun, eps)\n",
    "        nfev += 2\n",
    "        njev += 1\n",
    "\n",
    "        fun_val = fval\n",
    "        # Compute the ADAM update\n",
    "        t += 1\n",
    "        m_t = beta1 * m_t + (1 - beta1) * grad\n",
    "        v_t = beta2 * v_t + (1 - beta2) * grad ** 2\n",
    "        m_t_hat = m_t / (1 - beta1 ** t)\n",
    "        v_t_hat = v_t / (1 - beta2 ** t)\n",
    "        lr_current = 0.5 * base_lr * (math.cos(math.pi * nit / maxiter) + 1)\n",
    "        lr = lr_current / (np.sqrt(v_t_hat) + epsilon)\n",
    "\n",
    "        # Update the parameters\n",
    "        x_opt = x_opt - lr * m_t_hat\n",
    "\n",
    "        nit += 1\n",
    "\n",
    "    result = OptimizeResult(fun=fun_val, x=x_opt, nit=nit, nfev=nfev, njev=njev, success=success, message=message)\n",
    "\n",
    "    return result\n",
    "\n",
    "\n",
    "def get_probability_distribution_2(counts, NUM_SHOTS):\n",
    "    #   output_distr = [v/NUM_SHOTS for v in counts.values()]\n",
    "    for k in {'00', '01', '10', '11'}:\n",
    "        if k not in counts.keys():\n",
    "            counts[k] = 0\n",
    "    sorted_counts = sorted(counts.items())\n",
    "    # print(sorted_counts)\n",
    "    output_distr = [v[1] / NUM_SHOTS for v in sorted_counts]\n",
    "    if len(output_distr) == 1:\n",
    "        output_distr.append(1 - output_distr[0])\n",
    "    return output_distr\n",
    "\n",
    "\n",
    "class history:\n",
    "    def __init__(self):\n",
    "        self.thetas = []\n",
    "        self.energies = []\n",
    "        self.P1 = []\n",
    "        self.P2 = []\n",
    "        self.P3 = []\n",
    "        self.shots = []\n",
    "\n",
    "\n",
    "def simulator_std_estimation(theta, per_shots):\n",
    "    # Get the expectation value of the first three terms <Z0>, <Z1>, <Z0Z1>\n",
    "    circ = QuantumCircuit(2,2)\n",
    "    circ.name = \"H2 STO-3G g1-g3\"\n",
    "    circ.x(0)\n",
    "    circ.ry(np.pi/2,1)\n",
    "    circ.rx(3*np.pi/2,0)\n",
    "    circ.cx(1,0)\n",
    "    circ.rz(theta[0],0)\n",
    "    circ.cx(1,0)\n",
    "    circ.ry(3*np.pi/2,1)\n",
    "    circ.rx(np.pi/2,0)\n",
    "    circ.measure([0,1], [0,1])\n",
    "\n",
    "    # Get the expectation value of <Y0Y1>\n",
    "    circ_2 = QuantumCircuit(2,2)\n",
    "    circ_2.name = \"H2 STO-3G g4\"\n",
    "    circ_2.x(0)\n",
    "    circ_2.ry(np.pi/2,1)\n",
    "    circ_2.rx(3*np.pi/2,0)\n",
    "    circ_2.cx(1,0)\n",
    "    circ_2.rz(theta[0],0)\n",
    "    circ_2.cx(1,0)\n",
    "    circ_2.ry(3*np.pi/2,1)\n",
    "    circ_2.rx(np.pi/2,0)\n",
    "    circ_2.sdg(1)\n",
    "    circ_2.h(1)\n",
    "    circ_2.sdg(0)\n",
    "    circ_2.h(0)\n",
    "    circ_2.measure([0,1], [0,1])\n",
    "\n",
    "    # Get the expectation value of <X0X1>\n",
    "    circ_3 = QuantumCircuit(2,2)\n",
    "    circ_3.name = \"H2 STO-3G g5\"\n",
    "    circ_3.x(0)\n",
    "    circ_3.ry(np.pi/2,1)\n",
    "    circ_3.rx(3*np.pi/2,0)\n",
    "    circ_3.cx(1,0)\n",
    "    circ_3.rz(theta[0],0)\n",
    "    circ_3.cx(1,0)\n",
    "    circ_3.ry(3*np.pi/2,1)\n",
    "    circ_3.rx(np.pi/2,0)\n",
    "    circ_3.h(1)\n",
    "    circ_3.h(0)\n",
    "    circ_3.measure([0,1], [0,1])\n",
    "\n",
    "    job = execute(circ, Aer.get_backend('qasm_simulator', noise_model=noise_model), shots=per_shots, memory=True)\n",
    "    result = job.result()\n",
    "    experiments = np.zeros((per_shots, 4))\n",
    "    print(\"Experiments: \", experiments)\n",
    "\n",
    "    for idx, exp in enumerate(result.get_memory()):\n",
    "        if exp == '00':\n",
    "            experiments[idx, 0] = 1\n",
    "        elif exp == '01':\n",
    "            experiments[idx, 1] = 1\n",
    "        elif exp == '10':\n",
    "            experiments[idx, 2] = 1\n",
    "        else:\n",
    "            experiments[idx, 3] = 1\n",
    "\n",
    "    E1_ = -g1 * (experiments[:,0] + experiments[:,1] - experiments[:,2] - experiments[:,3])\n",
    "    E2_ = -g2 * (experiments[:,0] - experiments[:,1] + experiments[:,2] - experiments[:,3])\n",
    "    E3_ = g3 * (experiments[:,0] - experiments[:,1] - experiments[:,2] + experiments[:,3])\n",
    "    print(\"E1_, E2_, E3_,\", E1_, E2_, E3_)\n",
    "    G13_ = E1_ + E2_ + E3_\n",
    "    \n",
    "    # job = qpu_backend.run(circ_2, shots=shots2)\n",
    "    job = execute(circ_2, Aer.get_backend('qasm_simulator', noise_model=noise_model), shots=per_shots, memory=True)\n",
    "    result = job.result()\n",
    "    experiments = np.zeros((per_shots, 4))\n",
    "    for idx, exp in enumerate(result.get_memory()):\n",
    "        if exp == '00':\n",
    "            experiments[idx, 0] = 1\n",
    "        elif exp == '01':\n",
    "            experiments[idx, 1] = 1\n",
    "        elif exp == '10':\n",
    "            experiments[idx, 2] = 1\n",
    "        else:\n",
    "            experiments[idx, 3] = 1\n",
    "    E4_ = g4 * (experiments[:,0] - experiments[:,1] - experiments[:,2] + experiments[:,3])\n",
    "    G4_ = E4_\n",
    "\n",
    "\n",
    "\n",
    "    job = execute(circ_3, Aer.get_backend('qasm_simulator', noise_model=noise_model), shots=per_shots, memory=True)\n",
    "    result = job.result()\n",
    "    experiments = np.zeros((per_shots, 4))\n",
    "    for idx, exp in enumerate(result.get_memory()):\n",
    "        if exp == '00':\n",
    "            experiments[idx, 0] = 1\n",
    "        elif exp == '01':\n",
    "            experiments[idx, 1] = 1\n",
    "        elif exp == '10':\n",
    "            experiments[idx, 2] = 1\n",
    "        else:\n",
    "            experiments[idx, 3] = 1\n",
    "\n",
    "    E5_ = g5 * (experiments[:,0] - experiments[:,1] - experiments[:,2] + experiments[:,3])\n",
    "    G5_ = E5_\n",
    "    return G13_, G4_, G5_\n",
    "\n",
    "\n",
    "def simulator(theta, shots, std_shots, history):\n",
    "    E = g0 + nuclear_repulsion\n",
    "\n",
    "    # Get the expectation value of the first three terms <Z0>, <Z1>, <Z0Z1>\n",
    "    circ = QuantumCircuit(2,2)\n",
    "    circ.name = \"H2 STO-3G g1-g3\"\n",
    "    circ.x(0)\n",
    "    circ.ry(np.pi/2,1)\n",
    "    circ.rx(3*np.pi/2,0)\n",
    "    circ.cx(1,0)\n",
    "    circ.rz(theta[0],0)\n",
    "    circ.cx(1,0)\n",
    "    circ.ry(3*np.pi/2,1)\n",
    "    circ.rx(np.pi/2,0)\n",
    "    circ.measure([0,1], [0,1])\n",
    "\n",
    "    # Get the expectation value of <Y0Y1>\n",
    "    circ_2 = QuantumCircuit(2,2)\n",
    "    circ_2.name = \"H2 STO-3G g4\"\n",
    "    circ_2.x(0)\n",
    "    circ_2.ry(np.pi/2,1)\n",
    "    circ_2.rx(3*np.pi/2,0)\n",
    "    circ_2.cx(1,0)\n",
    "    circ_2.rz(theta[0],0)\n",
    "    circ_2.cx(1,0)\n",
    "    circ_2.ry(3*np.pi/2,1)\n",
    "    circ_2.rx(np.pi/2,0)\n",
    "    circ_2.sdg(1)\n",
    "    circ_2.h(1)\n",
    "    circ_2.sdg(0)\n",
    "    circ_2.h(0)\n",
    "    circ_2.measure([0,1], [0,1])\n",
    "\n",
    "    # Get the expectation value of <X0X1>\n",
    "    circ_3 = QuantumCircuit(2,2)\n",
    "    circ_3.name = \"H2 STO-3G g5\"\n",
    "    circ_3.x(0)\n",
    "    circ_3.ry(np.pi/2,1)\n",
    "    circ_3.rx(3*np.pi/2,0)\n",
    "    circ_3.cx(1,0)\n",
    "    circ_3.rz(theta[0],0)\n",
    "    circ_3.cx(1,0)\n",
    "    circ_3.ry(3*np.pi/2,1)\n",
    "    circ_3.rx(np.pi/2,0)\n",
    "    circ_3.h(1)\n",
    "    circ_3.h(0)\n",
    "    circ_3.measure([0,1], [0,1])\n",
    "\n",
    "    print(\"Theta: \", theta)\n",
    "    print(\"Std_shots: \", std_shots)\n",
    "    G13, G4, G5 = simulator_std_estimation(theta, std_shots)\n",
    "    print(\"G13: \", G13)\n",
    "    print(\"std_G13\", np.std(G13))\n",
    "    print(\"std_G4\", np.std(G4))\n",
    "    print(\"std_G5\", np.std(G5))\n",
    "    std = [np.std(G13), np.std(G4), np.std(G5)]\n",
    "\n",
    "    if sum(std)==0:\n",
    "        ratio_for_theta = [1/3, 1/3, 1/3]\n",
    "    else:\n",
    "        ratio_for_theta = [v/sum(std) for v in std]\n",
    "    \n",
    "    print(\"Ratio For Theta\", ratio_for_theta)\n",
    "\n",
    "    pershots = shots//3\n",
    "    newshots = (shots - std_shots*3)\n",
    "    print(\"Shots: \", shots,\"Shots-std: \", std_shots,\"Newshots: \", newshots)\n",
    "\n",
    "    shots1 = round(newshots * ratio_for_theta[0])\n",
    "    if shots1 < 1:\n",
    "        shots1 = 1\n",
    "\n",
    "        \n",
    "    shots2 = round(newshots * ratio_for_theta[1])\n",
    "    if shots2 < 1:\n",
    "        shots2 = 1\n",
    "\n",
    "    shots3 = round(newshots * ratio_for_theta[2])\n",
    "    if shots3 < 1:\n",
    "        shots3 = 1\n",
    "\n",
    "    history.shots.append(shots1+shots2+shots3+std_shots*3)\n",
    "    print('current assignment {} {} {} std shot assignment {}'.format(shots1, shots2, shots3, std_shots))\n",
    "\n",
    "\n",
    "    job = execute(circ, Aer.get_backend('qasm_simulator', noise_model=noise_model), shots=shots1)\n",
    "    result = job.result()\n",
    "\n",
    "    counts = result.get_counts(circ)\n",
    "    output_distr = get_probability_distribution_2(counts, shots1)\n",
    "    history.P1.append(output_distr)\n",
    "\n",
    "    E1 = -g1 * (output_distr[0] + output_distr[1] - output_distr[2] - output_distr[3])\n",
    "    E2 = -g2 * (output_distr[0] - output_distr[1] + output_distr[2] - output_distr[3])\n",
    "    E3 = g3 * (output_distr[0] - output_distr[1] - output_distr[2] + output_distr[3])\n",
    "    print(\"N-mk, E1, E2, E3\", E1, E2, E3)\n",
    "    E += (shots1*(E1 + E2 + E3) + np.sum(G13))/(shots1+std_shots)\n",
    "\n",
    "    job = execute(circ_2, Aer.get_backend('qasm_simulator', noise_model=noise_model), shots=shots2)\n",
    "    result = job.result()\n",
    "    counts = result.get_counts(circ_2)\n",
    "    output_distr = get_probability_distribution_2(counts, shots2)\n",
    "    E4 = g4 * (output_distr[0] - output_distr[1] - output_distr[2] + output_distr[3])\n",
    "    E += (shots2*E4 + np.sum(G4))/(shots2+std_shots)\n",
    "    history.P2.append(output_distr)\n",
    "\n",
    "    job = execute(circ_3, Aer.get_backend('qasm_simulator', noise_model=noise_model), shots=shots3)\n",
    "    result = job.result()\n",
    "    counts = result.get_counts(circ_3)\n",
    "    output_distr = get_probability_distribution_2(counts, shots3)\n",
    "    E5 = g5 * (output_distr[0] - output_distr[1] - output_distr[2] + output_distr[3])\n",
    "    E += (shots3*E5 + np.sum(G5))/(shots3+std_shots)\n",
    "    history.P3.append(output_distr)\n",
    "\n",
    "    history.thetas.append(theta[0])\n",
    "    history.energies.append(E)\n",
    "\n",
    "    print('energy track: ', history.energies[-1])\n",
    "\n",
    "    return E"
   ]
  },
  {
   "cell_type": "code",
   "execution_count": 33,
   "metadata": {},
   "outputs": [
    {
     "name": "stdout",
     "output_type": "stream",
     "text": [
      "Iter:  0\n",
      "Theta:  [-2]\n",
      "Std_shots:  5\n",
      "Experiments:  [[0. 0. 0. 0.]\n",
      " [0. 0. 0. 0.]\n",
      " [0. 0. 0. 0.]\n",
      " [0. 0. 0. 0.]\n",
      " [0. 0. 0. 0.]]\n",
      "E1_, E2_, E3_, [-0.1615 -0.1615  0.1615 -0.1615  0.1615] [-0.0166 -0.0166  0.0166 -0.0166  0.0166] [-0.4148 -0.4148 -0.4148 -0.4148 -0.4148]\n",
      "G13:  [-0.5929 -0.5929 -0.2367 -0.5929 -0.2367]\n",
      "std_G13 0.1745016492758736\n",
      "std_G4 0.0\n",
      "std_G5 0.0\n",
      "Ratio For Theta [1.0, 0.0, 0.0]\n",
      "Shots:  600 Shots-std:  5 Newshots:  585\n",
      "current assignment 585 1 1 std shot assignment 5\n",
      "N-mk, E1, E2, E3 0.07481452991452991 0.00768991452991453 -0.4148\n",
      "energy track:  -0.3454096159694916\n",
      "Theta:  [-1]\n",
      "Std_shots:  5\n",
      "Experiments:  [[0. 0. 0. 0.]\n",
      " [0. 0. 0. 0.]\n",
      " [0. 0. 0. 0.]\n",
      " [0. 0. 0. 0.]\n",
      " [0. 0. 0. 0.]]\n",
      "E1_, E2_, E3_, [-0.1615  0.1615  0.1615 -0.1615  0.1615] [-0.0166  0.0166  0.0166 -0.0166  0.0166] [-0.4148 -0.4148 -0.4148 -0.4148 -0.4148]\n",
      "G13:  [-0.5929 -0.2367 -0.2367 -0.5929 -0.2367]\n",
      "std_G13 0.1745016492758736\n",
      "std_G4 0.09808\n",
      "std_G5 0.0\n",
      "Ratio For Theta [0.6401812071335167, 0.3598187928664835, 0.0]\n",
      "Shots:  600 Shots-std:  5 Newshots:  585\n",
      "current assignment 375 210 1 std shot assignment 5\n",
      "N-mk, E1, E2, E3 -0.104652 -0.010756799999999999 -0.4148\n",
      "energy track:  -0.5574415614915544\n",
      "eps:  0.02\n",
      "Iter:  1\n",
      "Theta:  [-1.9]\n",
      "Std_shots:  5\n",
      "Experiments:  [[0. 0. 0. 0.]\n",
      " [0. 0. 0. 0.]\n",
      " [0. 0. 0. 0.]\n",
      " [0. 0. 0. 0.]\n",
      " [0. 0. 0. 0.]]\n",
      "E1_, E2_, E3_, [ 0.1615  0.1615  0.1615 -0.1615 -0.1615] [ 0.0166  0.0166  0.0166 -0.0166 -0.0166] [-0.4148 -0.4148 -0.4148 -0.4148 -0.4148]\n",
      "G13:  [-0.2367 -0.2367 -0.2367 -0.5929 -0.5929]\n",
      "std_G13 0.1745016492758736\n",
      "std_G4 0.0\n",
      "std_G5 0.0\n",
      "Ratio For Theta [1.0, 0.0, 0.0]\n",
      "Shots:  600 Shots-std:  5 Newshots:  585\n",
      "current assignment 585 1 1 std shot assignment 5\n",
      "N-mk, E1, E2, E3 0.05438547008547008 0.0055900854700854695 -0.4148\n",
      "energy track:  -0.3671438532576271\n",
      "Theta:  [-1.88]\n",
      "Std_shots:  5\n",
      "Experiments:  [[0. 0. 0. 0.]\n",
      " [0. 0. 0. 0.]\n",
      " [0. 0. 0. 0.]\n",
      " [0. 0. 0. 0.]\n",
      " [0. 0. 0. 0.]]\n",
      "E1_, E2_, E3_, [-0.1615  0.1615  0.1615  0.1615  0.1615] [-0.0166  0.0166  0.0166  0.0166  0.0166] [-0.4148 -0.4148 -0.4148 -0.4148 -0.4148]\n",
      "G13:  [-0.5929 -0.2367 -0.2367 -0.2367 -0.2367]\n",
      "std_G13 0.14248\n",
      "std_G4 0.0\n",
      "std_G5 0.0\n",
      "Ratio For Theta [1.0, 0.0, 0.0]\n",
      "Shots:  600 Shots-std:  5 Newshots:  585\n",
      "current assignment 585 1 1 std shot assignment 5\n",
      "N-mk, E1, E2, E3 0.05383333333333333 0.005533333333333333 -0.4148\n",
      "energy track:  -0.3671438532576271\n",
      "eps:  0.02\n",
      "Iter:  2\n",
      "Theta:  [-1.83299484]\n",
      "Std_shots:  5\n",
      "Experiments:  [[0. 0. 0. 0.]\n",
      " [0. 0. 0. 0.]\n",
      " [0. 0. 0. 0.]\n",
      " [0. 0. 0. 0.]\n",
      " [0. 0. 0. 0.]]\n",
      "E1_, E2_, E3_, [-0.1615 -0.1615  0.1615  0.1615  0.1615] [-0.0166 -0.0166  0.0166  0.0166  0.0166] [-0.4148 -0.4148 -0.4148 -0.4148 -0.4148]\n",
      "G13:  [-0.5929 -0.5929 -0.2367 -0.2367 -0.2367]\n",
      "std_G13 0.1745016492758736\n",
      "std_G4 0.0\n",
      "std_G5 0.09808\n",
      "Ratio For Theta [0.6401812071335167, 0.0, 0.3598187928664835]\n",
      "Shots:  600 Shots-std:  5 Newshots:  585\n",
      "current assignment 375 1 210 std shot assignment 5\n",
      "N-mk, E1, E2, E3 0.04608133333333334 0.004736533333333334 -0.4148\n",
      "energy track:  -0.3785760412957161\n",
      "Theta:  [-1.81299484]\n",
      "Std_shots:  5\n",
      "Experiments:  [[0. 0. 0. 0.]\n",
      " [0. 0. 0. 0.]\n",
      " [0. 0. 0. 0.]\n",
      " [0. 0. 0. 0.]\n",
      " [0. 0. 0. 0.]]\n",
      "E1_, E2_, E3_, [-0.1615 -0.1615 -0.1615  0.1615  0.1615] [-0.0166 -0.0166 -0.0166  0.0166  0.0166] [-0.4148 -0.4148 -0.4148 -0.4148 -0.4148]\n",
      "G13:  [-0.5929 -0.5929 -0.5929 -0.2367 -0.2367]\n",
      "std_G13 0.1745016492758736\n",
      "std_G4 0.09808\n",
      "std_G5 0.0\n",
      "Ratio For Theta [0.6401812071335167, 0.3598187928664835, 0.0]\n",
      "Shots:  600 Shots-std:  5 Newshots:  585\n",
      "current assignment 375 210 1 std shot assignment 5\n",
      "N-mk, E1, E2, E3 0.04694266666666666 0.004825066666666666 -0.4148\n",
      "energy track:  -0.3797165064119951\n",
      "eps:  0.02\n",
      "Iter:  3\n",
      "Theta:  [-1.78083741]\n",
      "Std_shots:  5\n",
      "Experiments:  [[0. 0. 0. 0.]\n",
      " [0. 0. 0. 0.]\n",
      " [0. 0. 0. 0.]\n",
      " [0. 0. 0. 0.]\n",
      " [0. 0. 0. 0.]]\n",
      "E1_, E2_, E3_, [ 0.1615  0.1615 -0.1615 -0.1615  0.1615] [ 0.0166  0.0166 -0.0166 -0.0166  0.0166] [-0.4148 -0.4148 -0.4148 -0.4148 -0.4148]\n",
      "G13:  [-0.2367 -0.2367 -0.5929 -0.5929 -0.2367]\n",
      "std_G13 0.1745016492758736\n",
      "std_G4 0.09808\n",
      "std_G5 0.0\n",
      "Ratio For Theta [0.6401812071335167, 0.3598187928664835, 0.0]\n",
      "Shots:  600 Shots-std:  5 Newshots:  585\n",
      "current assignment 375 210 1 std shot assignment 5\n",
      "N-mk, E1, E2, E3 0.029716 0.0030544 -0.4148\n",
      "energy track:  -0.39638604129571603\n",
      "Theta:  [-1.76083741]\n",
      "Std_shots:  5\n",
      "Experiments:  [[0. 0. 0. 0.]\n",
      " [0. 0. 0. 0.]\n",
      " [0. 0. 0. 0.]\n",
      " [0. 0. 0. 0.]\n",
      " [0. 0. 0. 0.]]\n",
      "E1_, E2_, E3_, [ 0.1615 -0.1615 -0.1615  0.1615  0.1615] [ 0.0166 -0.0166 -0.0166  0.0166  0.0166] [-0.4148 -0.4148 -0.4148 -0.4148 -0.4148]\n",
      "G13:  [-0.2367 -0.5929 -0.5929 -0.2367 -0.2367]\n",
      "std_G13 0.1745016492758736\n",
      "std_G4 0.0\n",
      "std_G5 0.0\n",
      "Ratio For Theta [1.0, 0.0, 0.0]\n",
      "Shots:  600 Shots-std:  5 Newshots:  585\n",
      "current assignment 585 1 1 std shot assignment 5\n",
      "N-mk, E1, E2, E3 0.031747863247863245 0.003263247863247863 -0.4148\n",
      "energy track:  -0.3918967346135594\n",
      "eps:  0.02\n",
      "Iter:  4\n",
      "Theta:  [-1.73943204]\n",
      "Std_shots:  5\n",
      "Experiments:  [[0. 0. 0. 0.]\n",
      " [0. 0. 0. 0.]\n",
      " [0. 0. 0. 0.]\n",
      " [0. 0. 0. 0.]\n",
      " [0. 0. 0. 0.]]\n",
      "E1_, E2_, E3_, [-0.1615  0.1615  0.1615 -0.1615 -0.1615] [-0.0166  0.0166  0.0166 -0.0166 -0.0166] [-0.4148 -0.4148 -0.4148 -0.4148 -0.4148]\n",
      "G13:  [-0.5929 -0.2367 -0.2367 -0.5929 -0.5929]\n",
      "std_G13 0.1745016492758736\n",
      "std_G4 0.0\n",
      "std_G5 0.0\n",
      "Ratio For Theta [1.0, 0.0, 0.0]\n",
      "Shots:  600 Shots-std:  5 Newshots:  585\n",
      "current assignment 585 1 1 std shot assignment 5\n",
      "N-mk, E1, E2, E3 0.028987179487179493 0.00297948717948718 -0.4148\n",
      "energy track:  -0.3955191074949152\n",
      "Theta:  [-1.71943204]\n",
      "Std_shots:  5\n",
      "Experiments:  [[0. 0. 0. 0.]\n",
      " [0. 0. 0. 0.]\n",
      " [0. 0. 0. 0.]\n",
      " [0. 0. 0. 0.]\n",
      " [0. 0. 0. 0.]]\n",
      "E1_, E2_, E3_, [ 0.1615 -0.1615  0.1615  0.1615  0.1615] [ 0.0166 -0.0166  0.0166  0.0166  0.0166] [-0.4148 -0.4148 -0.4148 -0.4148 -0.4148]\n",
      "G13:  [-0.2367 -0.5929 -0.2367 -0.2367 -0.2367]\n",
      "std_G13 0.14248\n",
      "std_G4 0.0\n",
      "std_G5 0.0\n",
      "Ratio For Theta [1.0, 0.0, 0.0]\n",
      "Shots:  600 Shots-std:  5 Newshots:  585\n",
      "current assignment 585 1 1 std shot assignment 5\n",
      "N-mk, E1, E2, E3 0.024017948717948715 0.0024687179487179484 -0.4148\n",
      "energy track:  -0.3997452091898304\n",
      "eps:  0.02\n",
      "Iter:  5\n",
      "Theta:  [-1.70329112]\n",
      "Std_shots:  5\n",
      "Experiments:  [[0. 0. 0. 0.]\n",
      " [0. 0. 0. 0.]\n",
      " [0. 0. 0. 0.]\n",
      " [0. 0. 0. 0.]\n",
      " [0. 0. 0. 0.]]\n",
      "E1_, E2_, E3_, [0.1615 0.1615 0.1615 0.1615 0.1615] [0.0166 0.0166 0.0166 0.0166 0.0166] [-0.4148 -0.4148 -0.4148 -0.4148 -0.4148]\n",
      "G13:  [-0.2367 -0.2367 -0.2367 -0.2367 -0.2367]\n",
      "std_G13 0.0\n",
      "std_G4 0.0\n",
      "std_G5 0.0\n",
      "Ratio For Theta [0.3333333333333333, 0.3333333333333333, 0.3333333333333333]\n",
      "Shots:  600 Shots-std:  5 Newshots:  585\n",
      "current assignment 195 195 195 std shot assignment 5\n",
      "N-mk, E1, E2, E3 0.024017948717948715 0.0024687179487179484 -0.4148\n",
      "energy track:  -0.39786200580000003\n",
      "Theta:  [-1.68329112]\n",
      "Std_shots:  5\n",
      "Experiments:  [[0. 0. 0. 0.]\n",
      " [0. 0. 0. 0.]\n",
      " [0. 0. 0. 0.]\n",
      " [0. 0. 0. 0.]\n",
      " [0. 0. 0. 0.]]\n",
      "E1_, E2_, E3_, [ 0.1615  0.1615  0.1615 -0.1615 -0.1615] [ 0.0166  0.0166  0.0166 -0.0166 -0.0166] [-0.4148 -0.4148 -0.4148 -0.4148 -0.4148]\n",
      "G13:  [-0.2367 -0.2367 -0.2367 -0.5929 -0.5929]\n",
      "std_G13 0.1745016492758736\n",
      "std_G4 0.0\n",
      "std_G5 0.0\n",
      "Ratio For Theta [1.0, 0.0, 0.0]\n",
      "Shots:  600 Shots-std:  5 Newshots:  585\n",
      "current assignment 585 1 1 std shot assignment 5\n",
      "N-mk, E1, E2, E3 0.018496581196581204 0.001901196581196582 -0.4148\n",
      "energy track:  -0.40638622613898306\n",
      "eps:  0.02\n",
      "Iter:  6\n",
      "Theta:  [-1.66994623]\n",
      "Std_shots:  5\n",
      "Experiments:  [[0. 0. 0. 0.]\n",
      " [0. 0. 0. 0.]\n",
      " [0. 0. 0. 0.]\n",
      " [0. 0. 0. 0.]\n",
      " [0. 0. 0. 0.]]\n",
      "E1_, E2_, E3_, [-0.1615 -0.1615  0.1615  0.1615 -0.1615] [-0.0166 -0.0166  0.0166  0.0166 -0.0166] [-0.4148 -0.4148 -0.4148 -0.4148 -0.4148]\n",
      "G13:  [-0.5929 -0.5929 -0.2367 -0.2367 -0.5929]\n",
      "std_G13 0.1745016492758736\n",
      "std_G4 0.0\n",
      "std_G5 0.0\n",
      "Ratio For Theta [1.0, 0.0, 0.0]\n",
      "Shots:  600 Shots-std:  5 Newshots:  585\n",
      "current assignment 585 1 1 std shot assignment 5\n",
      "N-mk, E1, E2, E3 0.021257264957264953 0.0021849572649572644 -0.4148\n",
      "energy track:  -0.40397131088474586\n",
      "Theta:  [-1.64994623]\n",
      "Std_shots:  5\n",
      "Experiments:  [[0. 0. 0. 0.]\n",
      " [0. 0. 0. 0.]\n",
      " [0. 0. 0. 0.]\n",
      " [0. 0. 0. 0.]\n",
      " [0. 0. 0. 0.]]\n",
      "E1_, E2_, E3_, [-0.1615  0.1615  0.1615 -0.1615  0.1615] [-0.0166  0.0166  0.0166 -0.0166  0.0166] [-0.4148 -0.4148 -0.4148 -0.4148 -0.4148]\n",
      "G13:  [-0.5929 -0.2367 -0.2367 -0.5929 -0.2367]\n",
      "std_G13 0.1745016492758736\n",
      "std_G4 0.0\n",
      "std_G5 0.0\n",
      "Ratio For Theta [1.0, 0.0, 0.0]\n",
      "Shots:  600 Shots-std:  5 Newshots:  585\n",
      "current assignment 585 1 1 std shot assignment 5\n",
      "N-mk, E1, E2, E3 0.027882905982905992 0.0028659829059829067 -0.4148\n",
      "energy track:  -0.3961228363084746\n",
      "eps:  0.02\n",
      "Iter:  7\n",
      "Theta:  [-1.64283971]\n",
      "Std_shots:  5\n",
      "Experiments:  [[0. 0. 0. 0.]\n",
      " [0. 0. 0. 0.]\n",
      " [0. 0. 0. 0.]\n",
      " [0. 0. 0. 0.]\n",
      " [0. 0. 0. 0.]]\n",
      "E1_, E2_, E3_, [-0.1615  0.1615  0.1615  0.1615  0.1615] [-0.0166  0.0166  0.0166  0.0166  0.0166] [-0.4148 -0.4148 -0.4148 -0.4148 -0.4148]\n",
      "G13:  [-0.5929 -0.2367 -0.2367 -0.2367 -0.2367]\n",
      "std_G13 0.14248\n",
      "std_G4 0.0\n",
      "std_G5 0.0\n",
      "Ratio For Theta [1.0, 0.0, 0.0]\n",
      "Shots:  600 Shots-std:  5 Newshots:  585\n",
      "current assignment 585 1 1 std shot assignment 5\n",
      "N-mk, E1, E2, E3 0.013527350427350425 0.0013904273504273502 -0.4148\n",
      "energy track:  -0.4112160566474577\n",
      "Theta:  [-1.62283971]\n",
      "Std_shots:  5\n",
      "Experiments:  [[0. 0. 0. 0.]\n",
      " [0. 0. 0. 0.]\n",
      " [0. 0. 0. 0.]\n",
      " [0. 0. 0. 0.]\n",
      " [0. 0. 0. 0.]]\n",
      "E1_, E2_, E3_, [ 0.1615  0.1615 -0.1615 -0.1615 -0.1615] [ 0.0166  0.0166 -0.0166 -0.0166 -0.0166] [-0.4148 -0.4148 -0.4148 -0.4148 -0.4148]\n",
      "G13:  [-0.2367 -0.2367 -0.5929 -0.5929 -0.5929]\n",
      "std_G13 0.1745016492758736\n",
      "std_G4 0.0\n",
      "std_G5 0.0\n",
      "Ratio For Theta [1.0, 0.0, 0.0]\n",
      "Shots:  600 Shots-std:  5 Newshots:  585\n",
      "current assignment 585 1 1 std shot assignment 5\n",
      "N-mk, E1, E2, E3 0.002484615384615376 0.00025538461538461446 -0.4148\n",
      "energy track:  -0.42449809054576276\n",
      "eps:  0.02\n",
      "Iter:  8\n",
      "Theta:  [-1.61571157]\n",
      "Std_shots:  5\n",
      "Experiments:  [[0. 0. 0. 0.]\n",
      " [0. 0. 0. 0.]\n",
      " [0. 0. 0. 0.]\n",
      " [0. 0. 0. 0.]\n",
      " [0. 0. 0. 0.]]\n",
      "E1_, E2_, E3_, [-0.1615  0.1615  0.1615 -0.1615 -0.1615] [-0.0166  0.0166  0.0166 -0.0166 -0.0166] [-0.4148 -0.4148 -0.4148 -0.4148 -0.4148]\n",
      "G13:  [-0.5929 -0.2367 -0.2367 -0.5929 -0.5929]\n",
      "std_G13 0.1745016492758736\n",
      "std_G4 0.0\n",
      "std_G5 0.0\n",
      "Ratio For Theta [1.0, 0.0, 0.0]\n",
      "Shots:  600 Shots-std:  5 Newshots:  585\n",
      "current assignment 585 1 1 std shot assignment 5\n",
      "N-mk, E1, E2, E3 0.012423076923076915 0.001276923076923076 -0.4148\n",
      "energy track:  -0.4136309719016949\n",
      "Theta:  [-1.59571157]\n",
      "Std_shots:  5\n",
      "Experiments:  [[0. 0. 0. 0.]\n",
      " [0. 0. 0. 0.]\n",
      " [0. 0. 0. 0.]\n",
      " [0. 0. 0. 0.]\n",
      " [0. 0. 0. 0.]]\n",
      "E1_, E2_, E3_, [-0.1615 -0.1615 -0.1615  0.1615  0.1615] [-0.0166 -0.0166 -0.0166  0.0166  0.0166] [-0.4148 -0.4148 -0.4148 -0.4148 -0.4148]\n",
      "G13:  [-0.5929 -0.5929 -0.5929 -0.2367 -0.2367]\n",
      "std_G13 0.1745016492758736\n",
      "std_G4 0.0\n",
      "std_G5 0.0\n",
      "Ratio For Theta [1.0, 0.0, 0.0]\n",
      "Shots:  600 Shots-std:  5 Newshots:  585\n",
      "current assignment 585 1 1 std shot assignment 5\n",
      "N-mk, E1, E2, E3 -0.005797435897435904 -0.0005958974358974366 -0.4148\n",
      "energy track:  -0.4335540227491526\n",
      "eps:  0.02\n",
      "Iter:  9\n",
      "Theta:  [-1.58691114]\n",
      "Std_shots:  5\n",
      "Experiments:  [[0. 0. 0. 0.]\n",
      " [0. 0. 0. 0.]\n",
      " [0. 0. 0. 0.]\n",
      " [0. 0. 0. 0.]\n",
      " [0. 0. 0. 0.]]\n",
      "E1_, E2_, E3_, [-0.1615  0.1615  0.1615 -0.1615 -0.1615] [-0.0166  0.0166  0.0166 -0.0166 -0.0166] [-0.4148 -0.4148 -0.4148 -0.4148 -0.4148]\n",
      "G13:  [-0.5929 -0.2367 -0.2367 -0.5929 -0.5929]\n",
      "std_G13 0.1745016492758736\n",
      "std_G4 0.0\n",
      "std_G5 0.0\n",
      "Ratio For Theta [1.0, 0.0, 0.0]\n",
      "Shots:  600 Shots-std:  5 Newshots:  585\n",
      "current assignment 585 1 1 std shot assignment 5\n",
      "N-mk, E1, E2, E3 -0.0035888888888888854 -0.0003688888888888885 -0.4148\n",
      "energy track:  -0.4311391074949152\n",
      "Theta:  [-1.56691114]\n",
      "Std_shots:  5\n",
      "Experiments:  [[0. 0. 0. 0.]\n",
      " [0. 0. 0. 0.]\n",
      " [0. 0. 0. 0.]\n",
      " [0. 0. 0. 0.]\n",
      " [0. 0. 0. 0.]]\n",
      "E1_, E2_, E3_, [-0.1615  0.1615  0.1615 -0.1615 -0.1615] [-0.0166  0.0166  0.0166 -0.0166 -0.0166] [-0.4148 -0.4148 -0.4148 -0.4148 -0.4148]\n",
      "G13:  [-0.5929 -0.2367 -0.2367 -0.5929 -0.5929]\n",
      "std_G13 0.1745016492758736\n",
      "std_G4 0.0\n",
      "std_G5 0.0\n",
      "Ratio For Theta [1.0, 0.0, 0.0]\n",
      "Shots:  600 Shots-std:  5 Newshots:  585\n",
      "current assignment 585 1 1 std shot assignment 5\n",
      "N-mk, E1, E2, E3 -0.005245299145299154 -0.0005391452991453 -0.4148\n",
      "energy track:  -0.4329502939355932\n",
      "eps:  0.02\n",
      "Iter:  10\n",
      "Theta:  [-1.56077655]\n",
      "Std_shots:  5\n",
      "Experiments:  [[0. 0. 0. 0.]\n",
      " [0. 0. 0. 0.]\n",
      " [0. 0. 0. 0.]\n",
      " [0. 0. 0. 0.]\n",
      " [0. 0. 0. 0.]]\n",
      "E1_, E2_, E3_, [-0.1615 -0.1615  0.1615  0.1615 -0.1615] [-0.0166 -0.0166  0.0166  0.0166 -0.0166] [-0.4148 -0.4148 -0.4148 -0.4148 -0.4148]\n",
      "G13:  [-0.5929 -0.5929 -0.2367 -0.2367 -0.5929]\n",
      "std_G13 0.1745016492758736\n",
      "std_G4 0.0\n",
      "std_G5 0.0\n",
      "Ratio For Theta [1.0, 0.0, 0.0]\n",
      "Shots:  600 Shots-std:  5 Newshots:  585\n",
      "current assignment 585 1 1 std shot assignment 5\n",
      "N-mk, E1, E2, E3 0.005797435897435904 0.0005958974358974366 -0.4148\n",
      "energy track:  -0.42087571766440673\n",
      "Theta:  [-1.54077655]\n",
      "Std_shots:  5\n",
      "Experiments:  [[0. 0. 0. 0.]\n",
      " [0. 0. 0. 0.]\n",
      " [0. 0. 0. 0.]\n",
      " [0. 0. 0. 0.]\n",
      " [0. 0. 0. 0.]]\n",
      "E1_, E2_, E3_, [ 0.1615 -0.1615  0.1615  0.1615 -0.1615] [ 0.0166 -0.0166  0.0166  0.0166 -0.0166] [-0.4148 -0.4148 -0.4148 -0.4148 -0.4148]\n",
      "G13:  [-0.2367 -0.5929 -0.2367 -0.2367 -0.5929]\n",
      "std_G13 0.1745016492758736\n",
      "std_G4 0.0\n",
      "std_G5 0.0\n",
      "Ratio For Theta [1.0, 0.0, 0.0]\n",
      "Shots:  600 Shots-std:  5 Newshots:  585\n",
      "current assignment 585 1 1 std shot assignment 5\n",
      "N-mk, E1, E2, E3 0.004141025641025636 0.00042564102564102504 -0.4148\n",
      "energy track:  -0.42208317529152545\n",
      "eps:  0.02\n",
      "Iter:  11\n",
      "Theta:  [-1.53707034]\n",
      "Std_shots:  5\n",
      "Experiments:  [[0. 0. 0. 0.]\n",
      " [0. 0. 0. 0.]\n",
      " [0. 0. 0. 0.]\n",
      " [0. 0. 0. 0.]\n",
      " [0. 0. 0. 0.]]\n",
      "E1_, E2_, E3_, [ 0.1615 -0.1615  0.1615  0.1615 -0.1615] [ 0.0166 -0.0166  0.0166  0.0166 -0.0166] [-0.4148 -0.4148 -0.4148 -0.4148 -0.4148]\n",
      "G13:  [-0.2367 -0.5929 -0.2367 -0.2367 -0.5929]\n",
      "std_G13 0.1745016492758736\n",
      "std_G4 0.0\n",
      "std_G5 0.0\n",
      "Ratio For Theta [1.0, 0.0, 0.0]\n",
      "Shots:  600 Shots-std:  5 Newshots:  585\n",
      "current assignment 585 1 1 std shot assignment 5\n",
      "N-mk, E1, E2, E3 -0.0008282051282051253 -8.512820512820483e-05 -0.4148\n",
      "energy track:  -0.42751673461355927\n",
      "Theta:  [-1.51707034]\n",
      "Std_shots:  5\n",
      "Experiments:  [[0. 0. 0. 0.]\n",
      " [0. 0. 0. 0.]\n",
      " [0. 0. 0. 0.]\n",
      " [0. 0. 0. 0.]\n",
      " [0. 0. 0. 0.]]\n",
      "E1_, E2_, E3_, [-0.1615  0.1615  0.1615  0.1615  0.1615] [-0.0166  0.0166  0.0166  0.0166  0.0166] [-0.4148 -0.4148 -0.4148 -0.4148 -0.4148]\n",
      "G13:  [-0.5929 -0.2367 -0.2367 -0.2367 -0.2367]\n",
      "std_G13 0.14248\n",
      "std_G4 0.0\n",
      "std_G5 0.0\n",
      "Ratio For Theta [1.0, 0.0, 0.0]\n",
      "Shots:  600 Shots-std:  5 Newshots:  585\n",
      "current assignment 585 1 1 std shot assignment 5\n",
      "N-mk, E1, E2, E3 -0.012975213675213674 -0.0013336752136752135 -0.4148\n",
      "energy track:  -0.44019503969830504\n",
      "eps:  0.02\n",
      "Iter:  12\n",
      "Theta:  [-1.51277163]\n",
      "Std_shots:  5\n",
      "Experiments:  [[0. 0. 0. 0.]\n",
      " [0. 0. 0. 0.]\n",
      " [0. 0. 0. 0.]\n",
      " [0. 0. 0. 0.]\n",
      " [0. 0. 0. 0.]]\n",
      "E1_, E2_, E3_, [ 0.1615 -0.1615  0.1615  0.1615  0.1615] [ 0.0166 -0.0166  0.0166  0.0166  0.0166] [-0.4148 -0.4148 -0.4148 -0.4148 -0.4148]\n",
      "G13:  [-0.2367 -0.5929 -0.2367 -0.2367 -0.2367]\n",
      "std_G13 0.14248\n",
      "std_G4 0.0\n",
      "std_G5 0.0\n",
      "Ratio For Theta [1.0, 0.0, 0.0]\n",
      "Shots:  600 Shots-std:  5 Newshots:  585\n",
      "current assignment 585 1 1 std shot assignment 5\n",
      "N-mk, E1, E2, E3 -0.002484615384615376 -0.00025538461538461446 -0.4148\n",
      "energy track:  -0.428724192240678\n",
      "Theta:  [-1.49277163]\n",
      "Std_shots:  5\n",
      "Experiments:  [[0. 0. 0. 0.]\n",
      " [0. 0. 0. 0.]\n",
      " [0. 0. 0. 0.]\n",
      " [0. 0. 0. 0.]\n",
      " [0. 0. 0. 0.]]\n",
      "E1_, E2_, E3_, [-0.1615 -0.1615  0.1615 -0.1615  0.1615] [-0.0166 -0.0166  0.0166 -0.0166  0.0166] [-0.4148 -0.4148 -0.4148 -0.4148 -0.4148]\n",
      "G13:  [-0.5929 -0.5929 -0.2367 -0.5929 -0.2367]\n",
      "std_G13 0.1745016492758736\n",
      "std_G4 0.0\n",
      "std_G5 0.0\n",
      "Ratio For Theta [1.0, 0.0, 0.0]\n",
      "Shots:  600 Shots-std:  5 Newshots:  585\n",
      "current assignment 585 1 1 std shot assignment 5\n",
      "N-mk, E1, E2, E3 -0.009110256410256415 -0.0009364102564102568 -0.4148\n",
      "energy track:  -0.4371763956305084\n",
      "eps:  0.02\n",
      "Iter:  13\n",
      "Theta:  [-1.48886919]\n",
      "Std_shots:  5\n",
      "Experiments:  [[0. 0. 0. 0.]\n",
      " [0. 0. 0. 0.]\n",
      " [0. 0. 0. 0.]\n",
      " [0. 0. 0. 0.]\n",
      " [0. 0. 0. 0.]]\n",
      "E1_, E2_, E3_, [ 0.1615  0.1615  0.1615 -0.1615 -0.1615] [ 0.0166  0.0166  0.0166 -0.0166 -0.0166] [-0.4148 -0.4148 -0.4148 -0.4148 -0.4148]\n",
      "G13:  [-0.2367 -0.2367 -0.2367 -0.5929 -0.5929]\n",
      "std_G13 0.1745016492758736\n",
      "std_G4 0.0\n",
      "std_G5 0.0\n",
      "Ratio For Theta [1.0, 0.0, 0.0]\n",
      "Shots:  600 Shots-std:  5 Newshots:  585\n",
      "current assignment 585 1 1 std shot assignment 5\n",
      "N-mk, E1, E2, E3 -0.030643589743589744 -0.0031497435897435895 -0.4148\n",
      "energy track:  -0.46011809054576264\n",
      "Theta:  [-1.46886919]\n",
      "Std_shots:  5\n",
      "Experiments:  [[0. 0. 0. 0.]\n",
      " [0. 0. 0. 0.]\n",
      " [0. 0. 0. 0.]\n",
      " [0. 0. 0. 0.]\n",
      " [0. 0. 0. 0.]]\n",
      "E1_, E2_, E3_, [ 0.1615  0.1615  0.1615  0.1615 -0.1615] [ 0.0166  0.0166  0.0166  0.0166 -0.0166] [-0.4148 -0.4148 -0.4148 -0.4148 -0.4148]\n",
      "G13:  [-0.2367 -0.2367 -0.2367 -0.2367 -0.5929]\n",
      "std_G13 0.14248\n",
      "std_G4 0.0\n",
      "std_G5 0.0\n",
      "Ratio For Theta [1.0, 0.0, 0.0]\n",
      "Shots:  600 Shots-std:  5 Newshots:  585\n",
      "current assignment 585 1 1 std shot assignment 5\n",
      "N-mk, E1, E2, E3 -0.016288034188034192 -0.0016741880341880346 -0.4148\n",
      "energy track:  -0.44381741257966106\n",
      "eps:  0.02\n",
      "Iter:  14\n",
      "Theta:  [-1.47125062]\n",
      "Std_shots:  5\n",
      "Experiments:  [[0. 0. 0. 0.]\n",
      " [0. 0. 0. 0.]\n",
      " [0. 0. 0. 0.]\n",
      " [0. 0. 0. 0.]\n",
      " [0. 0. 0. 0.]]\n",
      "E1_, E2_, E3_, [-0.1615 -0.1615  0.1615  0.1615 -0.1615] [-0.0166 -0.0166  0.0166  0.0166 -0.0166] [-0.4148 -0.4148 -0.4148 -0.4148 -0.4148]\n",
      "G13:  [-0.5929 -0.5929 -0.2367 -0.2367 -0.5929]\n",
      "std_G13 0.1745016492758736\n",
      "std_G4 0.0\n",
      "std_G5 0.0\n",
      "Ratio For Theta [1.0, 0.0, 0.0]\n",
      "Shots:  600 Shots-std:  5 Newshots:  585\n",
      "current assignment 585 1 1 std shot assignment 5\n",
      "N-mk, E1, E2, E3 -0.022361538461538454 -0.002298461538461538 -0.4148\n",
      "energy track:  -0.4516658871559322\n",
      "Theta:  [-1.45125062]\n",
      "Std_shots:  5\n",
      "Experiments:  [[0. 0. 0. 0.]\n",
      " [0. 0. 0. 0.]\n",
      " [0. 0. 0. 0.]\n",
      " [0. 0. 0. 0.]\n",
      " [0. 0. 0. 0.]]\n",
      "E1_, E2_, E3_, [ 0.1615 -0.1615 -0.1615  0.1615 -0.1615] [ 0.0166 -0.0166 -0.0166  0.0166 -0.0166] [-0.4148 -0.4148 -0.4148 -0.4148 -0.4148]\n",
      "G13:  [-0.2367 -0.5929 -0.5929 -0.2367 -0.5929]\n",
      "std_G13 0.1745016492758736\n",
      "std_G4 0.0\n",
      "std_G5 0.0\n",
      "Ratio For Theta [1.0, 0.0, 0.0]\n",
      "Shots:  600 Shots-std:  5 Newshots:  585\n",
      "current assignment 585 1 1 std shot assignment 5\n",
      "N-mk, E1, E2, E3 -0.015735897435897442 -0.0016174358974358981 -0.4148\n",
      "energy track:  -0.44442114139322025\n",
      "eps:  0.02\n",
      "Iter:  15\n",
      "Theta:  [-1.45706182]\n",
      "Std_shots:  5\n",
      "Experiments:  [[0. 0. 0. 0.]\n",
      " [0. 0. 0. 0.]\n",
      " [0. 0. 0. 0.]\n",
      " [0. 0. 0. 0.]\n",
      " [0. 0. 0. 0.]]\n",
      "E1_, E2_, E3_, [-0.1615  0.1615 -0.1615  0.1615  0.1615] [-0.0166  0.0166 -0.0166  0.0166  0.0166] [-0.4148 -0.4148 -0.4148 -0.4148 -0.4148]\n",
      "G13:  [-0.5929 -0.2367 -0.5929 -0.2367 -0.2367]\n",
      "std_G13 0.1745016492758736\n",
      "std_G4 0.0\n",
      "std_G5 0.0\n",
      "Ratio For Theta [1.0, 0.0, 0.0]\n",
      "Shots:  600 Shots-std:  5 Newshots:  585\n",
      "current assignment 585 1 1 std shot assignment 5\n",
      "N-mk, E1, E2, E3 -0.008558119658119664 -0.0008796581196581202 -0.4148\n",
      "energy track:  -0.4359689380033898\n",
      "Theta:  [-1.43706182]\n",
      "Std_shots:  5\n",
      "Experiments:  [[0. 0. 0. 0.]\n",
      " [0. 0. 0. 0.]\n",
      " [0. 0. 0. 0.]\n",
      " [0. 0. 0. 0.]\n",
      " [0. 0. 0. 0.]]\n",
      "E1_, E2_, E3_, [ 0.1615 -0.1615  0.1615 -0.1615 -0.1615] [ 0.0166 -0.0166  0.0166 -0.0166 -0.0166] [-0.4148 -0.4148 -0.4148 -0.4148 -0.4148]\n",
      "G13:  [-0.2367 -0.5929 -0.2367 -0.5929 -0.5929]\n",
      "std_G13 0.1745016492758736\n",
      "std_G4 0.0\n",
      "std_G5 0.0\n",
      "Ratio For Theta [1.0, 0.0, 0.0]\n",
      "Shots:  600 Shots-std:  5 Newshots:  585\n",
      "current assignment 585 1 1 std shot assignment 5\n",
      "N-mk, E1, E2, E3 -0.016288034188034192 -0.0016741880341880346 -0.4148\n",
      "energy track:  -0.44502487020677967\n",
      "eps:  0.02\n",
      "Iter:  16\n",
      "Theta:  [-1.44203114]\n",
